0 1 1403244 0 1787279885 464177
0 2 15072 0 1787279885 479266
0 3 15606 0 1787279885 494876
0 4 14423 0 1787279885 509303
0 5 14521 0 1787279885 523827
0 6 14114 0 1787279885 537944
0 7 14037 0 1787279885 551984
0 8 14048 0 1787279885 566034
0 9 14016 0 1787279885 580052
0 10 13821 0 1787279885 593876
0 11 14841 0 1787279885 608721
0 12 14344 0 1787279885 623070
0 13 13929 0 1787279885 637001
0 14 14329 0 1787279885 651333
0 15 14073 0 1787279885 665409
0 16 15390 0 1787279885 680801
0 17 14705 0 1787279885 695510
0 18 15430 0 1787279885 710943
0 19 15452 0 1787279885 726398
0 20 15432 0 1787279885 741833
0 21 15361 0 1787279885 757199
0 22 14644 0 1787279885 771847
0 23 14366 0 1787279885 786217
0 24 14237 0 1787279885 800457
0 25 14423 0 1787279885 814883
0 26 14778 0 1787279885 829664
0 27 14568 0 1787279885 844236
0 28 15844 0 1787279885 860083
0 29 15530 0 1787279885 875616
0 30 15206 0 1787279885 890828
0 31 14853 0 1787279885 905686
0 32 14173 0 1787279885 919863
0 33 14321 0 1787279885 934188
0 34 15390 0 1787279885 949584
0 35 15644 0 1787279885 965232
0 36 15516 0 1787279885 980752
0 37 15711 0 1787279885 996466
0 38 14932 0 1787279886 11401
0 39 15097 0 1787279886 26502
0 40 14687 0 1787279886 41191
0 41 14333 0 1787279886 55526
0 42 14472 0 1787279886 70000
0 43 14479 0 1787279886 84482
0 44 14791 0 1787279886 99276
0 45 14746 0 1787279886 114025
0 46 14765 0 1787279886 128793
0 47 15986 0 1787279886 144782
0 48 15410 0 1787279886 160197
0 49 14867 0 1787279886 175068
0 50 14993 0 1787279886 190064
