0 1 1747963 0 1787279882 124257
0 2 4304 0 1787279882 128639
0 3 8368 0 1787279882 137012
0 4 4741 0 1787279882 141758
0 5 4335 0 1787279882 146097
0 6 4030 0 1787279882 150131
0 7 4860 0 1787279882 154995
0 8 6767 0 1787279882 161766
0 9 3998 0 1787279882 165768
0 10 5177 0 1787279882 170948
0 11 4112 0 1787279882 175064
0 12 3977 0 1787279882 179044
0 13 4037 0 1787279882 183085
0 14 3872 0 1787279882 186961
0 15 4014 0 1787279882 190978
0 16 4581 0 1787279882 195563
0 17 4251 0 1787279882 199818
0 18 3876 0 1787279882 203698
0 19 4019 0 1787279882 207721
0 20 3967 0 1787279882 211694
0 21 4305 0 1787279882 216003
0 22 4098 0 1787279882 220104
0 23 3847 0 1787279882 223956
0 24 4387 0 1787279882 228346
0 25 3853 0 1787279882 232203
0 26 4145 0 1787279882 236354
0 27 4368 0 1787279882 240727
0 28 4694 0 1787279882 245426
0 29 3838 0 1787279882 249271
0 30 4228 0 1787279882 253504
0 31 3783 0 1787279882 257290
0 32 4295 0 1787279882 261589
0 33 4404 0 1787279882 265997
0 34 4398 0 1787279882 270401
0 35 3937 0 1787279882 274343
0 36 3898 0 1787279882 278245
0 37 3682 0 1787279882 281933
0 38 3821 0 1787279882 285757
0 39 4229 0 1787279882 289991
0 40 4232 0 1787279882 294226
0 41 5524 0 1787279882 299754
0 42 4114 0 1787279882 303872
0 43 5007 0 1787279882 308887
0 44 6193 0 1787279882 315088
0 45 3817 0 1787279882 318910
0 46 5858 0 1787279882 324776
0 47 9126 0 1787279882 333910
0 48 5234 0 1787279882 339152
0 49 6242 0 1787279882 345401
0 50 4297 0 1787279882 349705
