0 1 1534498 0 1787280044 788094
0 2 3922 0 1787280044 792034
0 3 3805 0 1787280044 795841
0 4 3899 0 1787280044 799742
0 5 3791 0 1787280044 803536
0 6 3973 0 1787280044 807513
0 7 3828 0 1787280044 811343
0 8 3767 0 1787280044 815120
0 9 3520 0 1787280044 818641
0 10 3416 0 1787280044 822058
0 11 3379 0 1787280044 825438
0 12 3438 0 1787280044 828877
0 13 3407 0 1787280044 832285
0 14 3365 0 1787280044 835650
0 15 3425 0 1787280044 839075
0 16 3375 0 1787280044 842451
0 17 3390 0 1787280044 845842
0 18 3598 0 1787280044 849442
0 19 3446 0 1787280044 852889
0 20 3368 0 1787280044 856257
0 21 3364 0 1787280044 859622
0 22 3405 0 1787280044 863027
0 23 3358 0 1787280044 866386
0 24 3335 0 1787280044 869722
0 25 3377 0 1787280044 873100
0 26 3393 0 1787280044 876494
0 27 3342 0 1787280044 879837
0 28 3359 0 1787280044 883196
0 29 3322 0 1787280044 886518
0 30 3311 0 1787280044 889830
0 31 3381 0 1787280044 893213
0 32 3321 0 1787280044 896535
0 33 3344 0 1787280044 899880
0 34 3324 0 1787280044 903205
0 35 3337 0 1787280044 906543
0 36 3354 0 1787280044 909897
0 37 3483 0 1787280044 913381
0 38 3771 0 1787280044 917153
0 39 3807 0 1787280044 920963
0 40 3993 0 1787280044 924960
0 41 3787 0 1787280044 928750
0 42 3818 0 1787280044 932570
0 43 3925 0 1787280044 936497
0 44 3622 0 1787280044 940122
0 45 4035 0 1787280044 944160
0 46 3570 0 1787280044 947732
0 47 3654 0 1787280044 951389
0 48 3442 0 1787280044 954833
0 49 3464 0 1787280044 958298
0 50 3857 0 1787280044 962156
