0 1 1603166 0 1787280052 107100
0 2 15370 0 1787280052 122484
0 3 14879 0 1787280052 137367
0 4 15129 0 1787280052 152501
0 5 15623 0 1787280052 168127
0 6 15248 0 1787280052 183378
0 7 15164 0 1787280052 198545
0 8 15012 0 1787280052 213561
0 9 14658 0 1787280052 228222
0 10 15825 0 1787280052 244052
0 11 16375 0 1787280052 260432
0 12 16195 0 1787280052 276630
0 13 16126 0 1787280052 292760
0 14 16189 0 1787280052 308954
0 15 15671 0 1787280052 324629
0 16 15559 0 1787280052 340192
0 17 15665 0 1787280052 355862
0 18 15283 0 1787280052 371148
0 19 14873 0 1787280052 386025
0 20 14828 0 1787280052 400857
0 21 15298 0 1787280052 416158
0 22 15892 0 1787280052 432056
0 23 15881 0 1787280052 447942
0 24 15344 0 1787280052 463289
0 25 14902 0 1787280052 478195
0 26 15097 0 1787280052 493295
0 27 15680 0 1787280052 508979
0 28 15136 0 1787280052 524119
0 29 14899 0 1787280052 539022
0 30 15669 0 1787280052 554694
0 31 14866 0 1787280052 569566
0 32 14805 0 1787280052 584374
0 33 14646 0 1787280052 599023
0 34 15201 0 1787280052 614227
0 35 15202 0 1787280052 629432
0 36 15834 0 1787280052 645270
0 37 15158 0 1787280052 660431
0 38 15050 0 1787280052 675484
0 39 14750 0 1787280052 690238
0 40 14651 0 1787280052 704891
0 41 15173 0 1787280052 720068
0 42 15512 0 1787280052 735585
0 43 15269 0 1787280052 750858
0 44 15506 0 1787280052 766368
0 45 15552 0 1787280052 781923
0 46 15631 0 1787280052 797557
0 47 15765 0 1787280052 813326
0 48 15132 0 1787280052 828462
0 49 15153 0 1787280052 843618
0 50 14867 0 1787280052 858489
