0 1 1426454 0 1787279889 51635
0 2 15059 0 1787279889 66709
0 3 15099 0 1787279889 81811
0 4 16091 0 1787279889 97905
0 5 15479 0 1787279889 113390
0 6 15495 0 1787279889 128889
0 7 15151 0 1787279889 144044
0 8 15415 0 1787279889 159461
0 9 15162 0 1787279889 174628
0 10 14929 0 1787279889 189561
0 11 15106 0 1787279889 204670
0 12 15567 0 1787279889 220240
0 13 15573 0 1787279889 235817
0 14 15343 0 1787279889 251163
0 15 15066 0 1787279889 266232
0 16 15818 0 1787279889 282055
0 17 15133 0 1787279889 297192
0 18 14785 0 1787279889 311981
0 19 14601 0 1787279889 326586
0 20 14558 0 1787279889 341146
0 21 14627 0 1787279889 355777
0 22 14510 0 1787279889 370290
0 23 14424 0 1787279889 384717
0 24 14480 0 1787279889 399199
0 25 14804 0 1787279889 414008
0 26 14841 0 1787279889 428852
0 27 14902 0 1787279889 443757
0 28 14699 0 1787279889 458458
0 29 15810 0 1787279889 474271
0 30 15738 0 1787279889 490013
0 31 15211 0 1787279889 505227
0 32 15977 0 1787279889 521208
0 33 15471 0 1787279889 536682
0 34 14957 0 1787279889 551644
0 35 15079 0 1787279889 566726
0 36 15121 0 1787279889 581851
0 37 14841 0 1787279889 596695
0 38 14529 0 1787279889 611227
0 39 14351 0 1787279889 625581
0 40 14458 0 1787279889 640041
0 41 14967 0 1787279889 655010
0 42 14886 0 1787279889 669898
0 43 14956 0 1787279889 684856
0 44 15362 0 1787279889 700222
0 45 15083 0 1787279889 715310
0 46 15570 0 1787279889 730883
0 47 16450 0 1787279889 747337
0 48 15167 0 1787279889 762507
0 49 15707 0 1787279889 778218
0 50 15161 0 1787279889 793384
