0 1 1560792 0 1787280048 130195
0 2 15667 0 1787280048 145875
0 3 15344 0 1787280048 161223
0 4 15272 0 1787280048 176497
0 5 14989 0 1787280048 191489
0 6 15488 0 1787280048 206980
0 7 16173 0 1787280048 223159
0 8 15579 0 1787280048 238742
0 9 16162 0 1787280048 254909
0 10 16237 0 1787280048 271150
0 11 14763 0 1787280048 285917
0 12 14694 0 1787280048 300614
0 13 15252 0 1787280048 315868
0 14 15999 0 1787280048 331872
0 15 15119 0 1787280048 346995
0 16 15151 0 1787280048 362150
0 17 15013 0 1787280048 377166
0 18 14742 0 1787280048 391911
0 19 15621 0 1787280048 407534
0 20 16430 0 1787280048 423968
0 21 16113 0 1787280048 440084
0 22 15597 0 1787280048 455686
0 23 15154 0 1787280048 470844
0 24 15861 0 1787280048 486708
0 25 15145 0 1787280048 501856
0 26 15508 0 1787280048 517367
0 27 15687 0 1787280048 533058
0 28 16386 0 1787280048 549448
0 29 15235 0 1787280048 564686
0 30 15515 0 1787280048 580205
0 31 15600 0 1787280048 595808
0 32 15386 0 1787280048 611196
0 33 15000 0 1787280048 626198
0 34 14956 0 1787280048 641156
0 35 15277 0 1787280048 656435
0 36 15477 0 1787280048 671915
0 37 15197 0 1787280048 687118
0 38 15157 0 1787280048 702278
0 39 15792 0 1787280048 718075
0 40 16234 0 1787280048 734312
0 41 16205 0 1787280048 750520
0 42 15992 0 1787280048 766514
0 43 16499 0 1787280048 783021
0 44 15438 0 1787280048 798463
0 45 15459 0 1787280048 813925
0 46 15387 0 1787280048 829315
0 47 15181 0 1787280048 844498
0 48 15168 0 1787280048 859668
0 49 15563 0 1787280048 875233
0 50 15391 0 1787280048 890627
