0 1 1544878 0 1787280040 960386
0 2 13477 0 1787280040 973876
0 3 12920 0 1787280040 986799
0 4 12840 0 1787280040 999642
0 5 13029 0 1787280041 12674
0 6 13265 0 1787280041 25943
0 7 13158 0 1787280041 39106
0 8 12945 0 1787280041 52055
0 9 12912 0 1787280041 64970
0 10 12950 0 1787280041 77922
0 11 12858 0 1787280041 90783
0 12 12873 0 1787280041 103658
0 13 13252 0 1787280041 116913
0 14 13881 0 1787280041 130798
0 15 14312 0 1787280041 145114
0 16 14041 0 1787280041 159158
0 17 13437 0 1787280041 172599
0 18 13331 0 1787280041 185934
0 19 13363 0 1787280041 199302
0 20 12910 0 1787280041 212216
0 21 12793 0 1787280041 225012
0 22 12814 0 1787280041 237829
0 23 12776 0 1787280041 250608
0 24 12975 0 1787280041 263585
0 25 12880 0 1787280041 276467
0 26 12916 0 1787280041 289385
0 27 13138 0 1787280041 302527
0 28 12958 0 1787280041 315488
0 29 12715 0 1787280041 328205
0 30 12876 0 1787280041 341083
0 31 12667 0 1787280041 353752
0 32 12846 0 1787280041 366600
0 33 12799 0 1787280041 379402
0 34 13258 0 1787280041 392661
0 35 13450 0 1787280041 406114
0 36 14085 0 1787280041 420202
0 37 13967 0 1787280041 434173
0 38 13370 0 1787280041 447547
0 39 13654 0 1787280041 461215
0 40 13451 0 1787280041 474669
0 41 13251 0 1787280041 487924
0 42 13040 0 1787280041 500968
0 43 13150 0 1787280041 514122
0 44 12825 0 1787280041 526950
0 45 13027 0 1787280041 539981
0 46 13062 0 1787280041 553046
0 47 12965 0 1787280041 566014
0 48 13103 0 1787280041 579119
0 49 12854 0 1787280041 591975
0 50 12810 0 1787280041 604787
