0 1 1619018 0 1787279877 225728
0 2 18788 0 1787279877 244549
0 3 21879 0 1787279877 266436
0 4 27261 0 1787279877 293705
0 5 18611 0 1787279877 312324
0 6 18480 0 1787279877 330811
0 7 17596 0 1787279877 348431
0 8 38827 0 1787279877 387265
0 9 13674 0 1787279877 400944
0 10 29558 0 1787279877 430510
0 11 16206 0 1787279877 446722
0 12 27477 0 1787279877 474206
0 13 19363 0 1787279877 493578
0 14 19013 0 1787279877 512599
0 15 19289 0 1787279877 531896
0 16 28911 0 1787279877 560815
0 17 17343 0 1787279877 578165
0 18 27193 0 1787279877 605363
0 19 14311 0 1787279877 619678
0 20 28165 0 1787279877 647847
0 21 20834 0 1787279877 668686
0 22 21025 0 1787279877 689717
0 23 14452 0 1787279877 704178
0 24 17299 0 1787279877 721487
0 25 18464 0 1787279877 739960
0 26 18433 0 1787279877 758397
0 27 26754 0 1787279877 785159
0 28 20067 0 1787279877 805234
0 29 21092 0 1787279877 826334
0 30 20709 0 1787279877 847048
0 31 18704 0 1787279877 865758
0 32 26890 0 1787279877 892656
0 33 16808 0 1787279877 909471
0 34 18356 0 1787279877 927835
0 35 23697 0 1787279877 951541
0 36 18810 0 1787279877 970357
0 37 19032 0 1787279877 989399
0 38 30240 0 1787279878 19648
0 39 16582 0 1787279878 36238
0 40 16212 0 1787279878 52459
0 41 23409 0 1787279878 75875
0 42 22613 0 1787279878 98498
0 43 21566 0 1787279878 120070
0 44 30487 0 1787279878 150564
0 45 25372 0 1787279878 175943
0 46 24600 0 1787279878 200552
0 47 22554 0 1787279878 223114
0 48 18822 0 1787279878 241945
0 49 18549 0 1787279878 260502
0 50 18961 0 1787279878 279471
